0.295348    0.372485    -0.445673    
0.296112    0.37587    -0.443907    
0.295201    0.372411    -0.44561    
0.29516    0.372394    -0.44562    
0.295156    0.372394    -0.445609    
0.295164    0.372391    -0.445627    
0.295172    0.372394    -0.445619    
0.295245    0.372448    -0.445653    
0.295339    0.372472    -0.445677    
0.297084    0.370631    -0.445616    
0.295316    0.37248    -0.445664    
0.295324    0.372468    -0.445679    
0.294616    0.369038    -0.447329    
0.296383    0.37582    -0.443832    
0.29638    0.375815    -0.443844    
0.295489    0.372449    -0.445631    
0.296187    0.375874    -0.443927    
0.296137    0.375876    -0.443934    
0.296141    0.375859    -0.443936    
0.296159    0.375867    -0.44393    
0.296146    0.37586    -0.443932    
0.295324    0.37249    -0.445683    
0.296149    0.375875    -0.443914    
0.296139    0.375864    -0.443917    
0.296145    0.375866    -0.443926    
0.296141    0.375871    -0.443934    
0.295335    0.372485    -0.445685    
0.295349    0.37248    -0.445673    
0.29538    0.372431    -0.445739    
0.296249    0.37576    -0.443947    
0.296264    0.375762    -0.44393    
0.295432    0.372416    -0.445683    
0.296193    0.375811    -0.443904    
0.295314    0.372486    -0.445675    
0.296085    0.375919    -0.444026    
0.296004    0.375892    -0.444158    
0.295228    0.372495    -0.445874    
0.29602    0.375871    -0.444066    
0.296051    0.375868    -0.444004    
0.29606    0.375867    -0.444019    
0.296155    0.375874    -0.443938    
0.295325    0.372481    -0.445684    
0.295332    0.372487    -0.445686    
0.296158    0.375872    -0.443922    
0.296157    0.375865    -0.443944    
0.29623    0.375874    -0.443941    
0.296193    0.375824    -0.4438    
0.295416    0.372479    -0.445591    
0.296245    0.375876    -0.443841    
0.296207    0.375877    -0.443884    
0.296209    0.37587    -0.443868    
0.296194    0.375875    -0.443864    
0.295429    0.372461    -0.445579    
0.29548    0.372474    -0.44558    
0.295552    0.372478    -0.445654    
0.295521    0.372493    -0.445561    
0.295516    0.372419    -0.445274    
0.295575    0.372471    -0.445542    
0.296366    0.375899    -0.443831    
0.295458    0.372565    -0.445547    
0.295409    0.372586    -0.445597    
0.295341    0.37239    -0.445362    
0.295533    0.372439    -0.44558    
0.295818    0.37569    -0.443302    
-0.980334    0.143077    -0.146632    
0.291014    0.359486    -0.454695    
0.290737    0.359619    -0.453917    
-0.962516    0.14969    -0.131938    
-0.840112    0.29435    0.0261041    
-0.839631    0.294879    0.025764    
-0.838909    0.29521    0.0255024    
0.269878    0.331003    -0.483621    
0.208263    0.356814    -0.428256    
0.200637    0.21746    -0.606578    
-0.900332    0.230124    -0.0398747    
0.18235    0.177097    -0.576999    
-0.879628    0.292456    0.00598784    
0.191794    0.194119    -0.576433    
0.20436    0.199847    -0.57872    
0.220882    0.217566    -0.576345    
0.241205    0.225364    -0.575652    
-0.463033    0.422584    -2.03917    
0.273513    0.250523    -0.559356    
0.281637    0.238655    -0.549399    
0.274005    0.230408    -0.540891    
0.265953    0.213851    -0.538201    
0.246111    0.196431    -0.541765    
0.220734    0.185525    -0.541428    
0.186196    0.184736    -0.548424    
0.153073    0.198969    -0.539905    
0.123267    0.218871    -0.530008    
0.0852493    0.219572    -0.529038    
0.0470739    0.229417    -0.527852    
-0.759309    0.272441    0.154834    
-0.751071    0.270847    0.166293    
-0.94433    0.208314    -1.37093    
0.0366038    0.371419    -0.437102    
-0.807135    0.251451    -0.00443307    
-0.820361    0.243942    -0.0322214    
0.102204    0.331531    -0.468492    
0.10224    0.296989    -0.498125    
0.0871035    0.250731    -0.511405    
0.0625509    0.166149    -0.529772    
0.054291    0.139769    -0.534618    
0.0495561    0.125725    -0.544318    
0.0579361    0.129331    -0.557695    
0.0892791    0.163417    -0.566314    
0.115204    0.174943    -0.554549    
0.130194    0.174416    -0.541636    
0.132787    0.169924    -0.525832    
0.105615    0.131107    -0.512934    
0.0744408    0.12898    -0.511783    
0.0374538    0.17579    -0.498742    
-0.00190129    0.221635    -0.493297    
-0.676877    0.334974    -2.15433    
-0.0392279    0.35683    -0.401751    
-0.0693733    0.375132    -0.416635    
-0.014003    0.217084    -0.644058    
-0.825478    0.365106    0.127528    
0.0978267    0.17848    -0.596932    
0.12276    0.123188    -0.567171    
0.107581    0.0953301    -0.546612    
0.0637656    0.116732    -0.536624    
0.0298503    0.156355    -0.525589    
-0.547595    -0.494574    3.12818    
-0.0469745    0.291048    -0.467356    
-0.0633602    0.348688    -0.429398    
-0.678246    0.26054    -0.650463    
0.0259658    0.433919    -0.337054    
-0.447336    0.217035    0.2256    
0.0908735    0.321274    -0.449681    
0.0774018    0.253507    -0.490611    
-0.262107    0.287221    -0.198649    
0.0331161    0.190496    -0.50412    
0.00182867    0.178292    -0.52548    
-0.0200087    0.174498    -0.566695    
-0.0264159    0.173205    -0.614716    
-0.0148    0.184205    -0.656898    
0.00436616    0.19183    -0.667614    
0.0319006    0.199911    -0.655091    
0.0732125    0.193543    -0.612784    
0.096338    0.151607    -0.57561    
0.0944694    0.100565    -0.544449    
0.0554574    0.0926988    -0.544552    
-0.330542    0.0601282    -0.312753    
-0.0284026    0.139923    -0.55672    
-0.0729395    0.180785    -0.556657    
-0.666071    0.251055    0.333847    
-0.329262    0.210627    -0.602995    
-0.264287    0.0436792    -0.513463    
-0.0253888    0.187163    -0.616755    
0.0047435    0.168662    -0.599934    
0.0476869    0.126328    -0.577157    
0.0717412    0.0825941    -0.566691    
-0.469722    0.174185    0.218109    
-0.810112    0.214064    0.049244    
0.0981863    0.150494    -0.540787    
-0.385897    0.0949868    -0.358067    
0.120184    0.251582    -0.500536    
-0.797123    0.258736    0.0606305    
-0.410837    0.182503    0.265383    
0.180988    0.353987    -0.405526    
0.205148    0.3738    -0.399169    
0.230756    0.381388    -0.378546    
0.257675    0.39282    -0.369197    
0.276854    0.401018    -0.367029    
0.318518    0.460842    -0.347306    
0.339715    0.479114    -0.318475    
0.343288    0.495396    -0.33432    
0.336742    0.475707    -0.346679    
-0.0137785    0.784194    0.581595    
-0.888853    -0.880172    0.484127    
-0.884501    -0.882987    0.492936    
-0.889242    -0.880096    0.484306    
-0.0143281    0.78427    0.581105    
-0.0145134    0.784439    0.58115    
-0.884799    -0.883061    0.493166    
-0.884789    -0.882974    0.49319    
-0.884805    -0.882992    0.493181    
-0.884752    -0.883147    0.493131    
0.592833    0.0994133    -0.357209    
-0.0142094    0.784183    0.581327    
-0.884809    -0.88318    0.493142    
0.592714    0.0995552    -0.357116    
-0.0144192    0.784086    0.581083    
-0.0142578    0.784203    0.581247    
