-0.174619    0.754258    -0.614851    
0.299306    0.38458    -0.424341    
0.299437    0.385029    -0.423532    
0.536688    0.100982    -0.454057    
0.301373    0.383879    -0.427037    
0.299351    0.385447    -0.4226    
0.443929    0.00178328    -0.189525    
0.536173    0.0884026    -0.45799    
0.444144    0.00173949    -0.189683    
0.0246013    0.628477    0.5729    
0.443682    -0.000643055    -0.188119    
0.443156    -0.000631079    -0.188207    
0.301434    0.384122    -0.42683    
0.301559    0.384216    -0.42688    
0.2986    0.393673    -0.413781    
0.300966    0.383927    -0.426415    
-0.812639    -0.571716    -0.699039    
0.295126    0.379779    -0.39196    
0.441142    0.0167613    -0.18222    
0.291307    0.381321    -0.378459    
0.28075    0.380982    -0.378509    
0.263994    0.382389    -0.390616    
0.249696    0.376359    -0.389441    
-0.899451    0.205169    -0.0435105    
-2.27621    -1.1765    -0.28348    
0.178456    0.322489    -0.472418    
0.150348    0.309533    -0.5028    
0.125763    0.277844    -0.532021    
0.405966    -0.178942    0.0849716    
0.0860389    0.230285    -0.576897    
0.0680607    0.202712    -0.599747    
0.0427951    0.180919    -0.611739    
0.0141112    0.14632    -0.626999    
-0.0181227    0.100108    -0.646496    
-0.0552811    0.0596719    -0.663544    
-0.0890633    0.0168264    -0.680863    
-0.125192    -0.0357649    -0.689035    
-0.157635    -0.0766218    -0.699132    
-0.179667    -0.116425    -0.700659    
-0.188134    -0.139145    -0.70092    
0.124032    0.00472757    0.897935    
-0.192685    -0.157877    -0.702994    
-0.198235    -0.179317    -0.704535    
-0.194155    -0.199362    -0.707188    
-0.188051    -0.210656    -0.707897    
-0.180665    -0.226335    -0.707348    
-0.171179    -0.23641    -0.703222    
-0.164643    -0.226071    -0.701851    
-0.162066    -0.210021    -0.701195    
-0.163058    -0.182022    -0.700825    
-0.162876    -0.149195    -0.69869    
-0.159545    -0.110665    -0.698635    
0.231794    0.205947    -0.492389    
-0.16167    -0.0158977    -0.696424    
-0.158626    0.0295803    -0.691737    
-0.162204    0.0915849    -0.681057    
-0.156839    0.162609    -0.666571    
-0.0855061    0.338882    -0.58326    
0.139143    0.133047    -1.29376    
0.0531218    0.396558    -0.492878    
0.106694    0.393618    -0.452531    
0.147253    0.371266    -0.422127    
0.174378    0.345068    -0.427619    
0.171605    0.336004    -0.438135    
0.172887    0.311875    -0.461333    
0.162913    0.288463    -0.48871    
0.153619    0.261368    -0.526567    
0.127698    0.255913    -0.552404    
-0.831804    0.0626665    0.27863    
0.0976011    0.270167    -0.563519    
0.0760956    0.301715    -0.559991    
0.063441    0.325305    -0.555966    
0.0338062    0.373507    -0.542    
0.0140742    0.40677    -0.523258    
0.00364353    0.435832    -0.501598    
-0.119422    0.0139972    -0.529741    
-0.538356    0.528059    0.0365356    
-0.313262    0.154939    -0.429422    
0.166863    0.474498    -0.307328    
0.183969    0.467337    -0.313922    
0.193679    0.441836    -0.34246    
0.180633    0.420078    -0.379719    
-0.380826    0.21797    -0.465997    
0.125582    0.40126    -0.420358    
-0.0126019    0.339021    -0.503492    
-0.42568    -0.143369    -0.564003    
-0.667437    0.0776312    0.502992    
-0.33393    -0.116014    -0.652987    
-0.207738    -0.0460071    -0.689722    
-0.173394    -0.086805    -0.690221    
-0.132638    -0.0829676    -0.68846    
-0.0931408    -0.0677339    -0.679943    
-0.0575312    -0.0501086    -0.667175    
-0.0281555    -0.014807    -0.655462    
-0.00249455    0.0235059    -0.634531    
0.0175025    0.0713542    -0.623621    
0.0338243    0.127739    -0.61022    
-0.811774    0.240716    0.189286    
0.0582955    0.216951    -0.568789    
0.0609427    0.244285    -0.548338    
0.0599393    0.275458    -0.537668    
0.0627569    0.283928    -0.536456    
0.0731475    0.291631    -0.536455    
0.0876802    0.280503    -0.535563    
0.0992747    0.268944    -0.533427    
0.109528    0.24927    -0.532271    
0.111832    0.234642    -0.53359    
0.114664    0.209721    -0.534987    
0.110813    0.183284    -0.539058    
0.102313    0.145105    -0.55581    
0.0822335    0.113632    -0.564807    
0.0607271    0.0699294    -0.578331    
0.0244009    0.0297698    -0.594737    
-0.00602267    0.00339203    -0.598618    
-0.050233    -0.0175338    -0.603847    
-0.0918933    -0.0259586    -0.612524    
-0.127577    -0.0403001    -0.616612    
-0.167769    -0.0715883    -0.624664    
-0.199149    -0.10357    -0.634872    
-0.218327    -0.142561    -0.640686    
-0.228596    -0.172745    -0.643637    
-0.219481    -0.192345    -0.651986    
-0.194492    -0.202103    -0.654516    
-0.80625    -0.0135257    0.369408    
-0.133077    -0.179466    -0.661221    
-0.840529    0.0197417    0.298702    
-0.0839513    -0.154985    -0.634345    
-0.0752169    -0.12924    -0.62298    
-0.0655214    -0.0978294    -0.618225    
-0.0578061    -0.06088    -0.6132    
-0.051877    -0.0343466    -0.611419    
-0.0566074    0.00824546    -0.60175    
-0.0674402    0.0245376    -0.59273    
-0.109306    0.0670939    -0.595914    
-0.132624    0.084239    -0.604464    
-0.152683    0.0872418    -0.612888    
-0.184575    0.0923251    -0.646425    
-1.00387    0.350566    -0.882264    
-0.144202    0.084165    -0.662767    
-0.111338    0.0837038    -0.654958    
-0.0786233    0.0768788    -0.643696    
-0.0568918    0.0629884    -0.635755    
-0.0400416    0.0517282    -0.631353    
-0.0266991    0.0329888    -0.620467    
-0.799968    0.14327    0.225424    
-0.029767    -0.00282029    -0.602146    
-0.0448059    -0.0180204    -0.596668    
-0.0689816    -0.0296672    -0.594581    
-0.0986743    -0.035398    -0.598316    
-0.127747    -0.0551527    -0.603488    
-0.231695    0.345063    -0.608365    
-0.194826    -0.127287    -0.622749    
-0.21403    -0.162705    -0.640402    
-0.21896    -0.175854    -0.651017    
-0.209475    -0.1947    -0.660011    
-0.174553    -0.193455    -0.671835    
-0.143185    -0.186796    -0.679741    
-0.108444    -0.157247    -0.680212    
-0.0803975    -0.139686    -0.668929    
-0.0634365    -0.124949    -0.654435    
-0.0590791    -0.0895705    -0.63884    
-0.0516322    -0.0564901    -0.634716    
-0.0549117    0.00506551    -0.624306    
-0.0586057    0.0531691    -0.61861    
-0.0613969    0.0827986    -0.617232    
-0.0676491    0.104853    -0.62101    
-0.0570051    0.128381    -0.621143    
-0.0419032    0.141784    -0.619064    
-0.0112486    0.163478    -0.615235    
0.0160175    0.171095    -0.611472    
0.0652413    0.177367    -0.594554    
0.0805424    0.169796    -0.586079    
0.0904161    0.140267    -0.584268    
0.0786351    0.101993    -0.585225    
0.0592391    0.0664725    -0.589089    
0.029634    0.0290342    -0.596725    
-0.0118796    -0.00801587    -0.60684    
-0.0591679    -0.0480916    -0.616542    
-0.10816    -0.0963506    -0.633143    
-0.144927    -0.136747    -0.650383    
-0.164143    -0.160756    -0.662554    
-0.158421    -0.176917    -0.677912    
-0.141679    -0.175554    -0.687582    
-0.115896    -0.176595    -0.68984    
-0.0943493    -0.173283    -0.680034    
-0.0809901    -0.162396    -0.666533    
-0.0725879    -0.149109    -0.653626    
-0.0662587    -0.119131    -0.639093    
-0.0515014    -0.0722278    -0.631815    
-0.0267052    -0.0118284    -0.624957    
0.00981525    0.0623954    -0.615803    
0.0531688    0.145    -0.591337    
-0.857186    0.138274    0.163001    
0.134841    0.261488    -0.536148    
0.164614    0.301939    -0.51235    
-0.910861    0.16271    0.0480453    
0.212342    0.329323    -0.477096    
0.237359    0.332543    -0.463262    
0.253353    0.336273    -0.441125    
0.267097    0.333353    -0.43461    
0.276984    0.335775    -0.424232    
0.273236    0.345813    -0.431416    
0.387176    -0.00861868    -0.226521    
0.275448    0.363412    -0.45088    
0.432693    -0.0400712    -0.243417    
-0.8671    0.273605    0.0548382    
0.434421    -0.0374322    -0.245074    
0.434541    -0.0375514    -0.245216    
-0.865739    0.273348    0.0553193    
-0.865559    0.273326    0.0554069    
0.43435    -0.0372746    -0.244973    
0.432637    -0.0402164    -0.243616    
0.432593    -0.040265    -0.243741    
-0.865555    0.27342    0.0553327    
0.432584    -0.0401587    -0.243594    
0.432655    -0.0402571    -0.243707    
0.432646    -0.0402474    -0.243644    
0.432612    -0.040311    -0.24377    
-0.766064    1.25092    2.38065    
-0.766078    1.25094    2.38061    
0.432629    -0.0402457    -0.243663    
-0.0467765    0.435188    -0.051894    
-0.0468016    0.435121    -0.0519355    
-0.865493    0.273365    0.0553841    
0.432635    -0.0402784    -0.243718    
0.43263    -0.0402974    -0.243731    
-0.0467755    0.435106    -0.0519233    
-0.865545    0.273388    0.0553086    
-0.880378    -0.484689    -0.150946    
2.02888    1.3164    -0.00994611    
-0.521451    0.170931    0.12047    
-0.521437    0.170922    0.120458    
-0.21062    -0.0138922    -0.27971    
