0.432705    -0.0402002    -0.243648    
0.432633    -0.0402526    -0.243702    
0.434401    -0.0374645    -0.245127    
0.434506    -0.0414482    -0.244716    
-0.865634    0.273344    0.0552619    
0.433527    -0.0358929    -0.246712    
0.4321    -0.0371607    -0.244833    
0.478007    0.0980702    -0.511579    
0.406922    -0.0465356    -0.241197    
0.247054    0.309507    -0.459439    
-0.89553    0.138139    -0.0199734    
0.186188    0.270017    -0.466932    
0.146897    0.260729    -0.507829    
0.0885503    0.244219    -0.549267    
0.0266928    0.220548    -0.607074    
-0.0232345    0.178996    -0.627114    
-0.0835817    0.11524    -0.658169    
-0.117869    0.0778881    -0.672057    
-0.15037    0.0446074    -0.684222    
-0.179624    0.000824865    -0.703024    
-0.207146    -0.0406752    -0.720014    
-0.222348    -0.0795428    -0.736297    
-0.224748    -0.114765    -0.747265    
-0.21837    -0.158018    -0.758605    
-0.205778    -0.196519    -0.759991    
-0.191187    -0.221386    -0.760221    
-0.176741    -0.239033    -0.762029    
-0.168551    -0.246439    -0.764742    
-0.163981    -0.237732    -0.770249    
-0.166585    -0.226345    -0.775643    
-0.175516    -0.194345    -0.783979    
-0.20835    -0.138692    -0.788607    
-0.230747    -0.102719    -0.787394    
-0.254619    -0.0588858    -0.783015    
-0.275756    -0.0242691    -0.775249    
-0.717404    0.372926    0.325331    
-0.0475122    0.283934    -0.609317    
-0.00659059    0.256208    -0.595052    
0.0148821    0.227557    -0.594802    
0.0348772    0.210799    -0.585032    
0.0488932    0.185837    -0.589676    
0.0655597    0.171976    -0.581539    
0.0778428    0.156487    -0.577991    
0.085947    0.136926    -0.580926    
0.0852254    0.11235    -0.584428    
0.0759658    0.0937215    -0.591218    
0.0592079    0.0710075    -0.600934    
-0.823795    0.16447    0.206388    
-0.012173    0.0561834    -0.632064    
-0.0647224    0.0482727    -0.65339    
-0.117086    0.0459057    -0.669882    
-0.175799    0.0344112    -0.692642    
-0.408393    -0.667237    -0.714453    
-0.253763    -0.259994    -0.815667    
-0.168038    -0.284704    -0.792972    
-0.136168    0.682511    -0.555756    
-0.110557    -0.293314    -0.753872    
-0.108947    -0.29084    -0.735533    
-0.121455    -0.274713    -0.72477    
-0.140556    -0.252098    -0.721569    
-0.164404    -0.217359    -0.718062    
-0.312642    0.010686    0.499319    
-0.211049    -0.109708    -0.720425    
-0.259492    0.00145689    -0.718941    
-0.209101    0.215241    -0.718234    
-0.120101    0.217753    -0.698362    
-0.0345808    0.213604    -0.672142    
0.0405243    0.200302    -0.643484    
0.103726    0.166699    -0.619505    
0.115108    0.0988486    -0.620831    
0.0819018    0.0310641    -0.640322    
-0.325529    0.58213    0.0357501    
-0.0330277    -0.0438146    -0.66721    
-0.519863    -0.123072    -0.920083    
-0.209874    -0.107092    -0.674361    
-0.27371    -0.254029    -0.627399    
-0.665004    -0.35009    0.571703    
-0.169394    -0.241627    -0.845433    
-0.513762    0.00819751    -0.911356    
0.00162732    -0.126997    -0.829666    
0.0264308    -0.152266    -0.78631    
-0.222409    -0.43802    -0.319071    
-0.0187495    -0.16398    -0.732651    
-0.0599241    -0.136924    -0.720306    
-0.118335    -0.0772014    -0.708374    
-0.951351    0.338743    0.0891361    
-0.196442    0.0305099    -0.704745    
-0.728351    0.180806    -0.599445    
-0.406078    0.553503    0.641823    
-0.646467    -1.40737    -0.217165    
-0.0837108    0.273645    -0.640299    
-0.0324752    0.254753    -0.614215    
0.00726884    0.215177    -0.594323    
0.0186346    0.176287    -0.597642    
0.00738935    0.122367    -0.611832    
-0.786343    0.138564    0.29459    
-0.0526081    0.0290778    -0.636547    
-0.105692    -0.0252863    -0.667896    
-0.18341    -0.138952    -0.719131    
-0.218017    -0.21552    -0.730144    
-0.231165    -0.262984    -0.741723    
-0.213687    -0.293298    -0.756645    
-0.175573    -0.290794    -0.775943    
-0.129063    -0.242354    -0.802162    
-0.0754572    -0.197323    -0.802388    
-0.0414446    -0.180313    -0.776179    
-0.0371153    -0.17896    -0.752011    
-0.0534669    -0.1379    -0.738184    
-0.0763766    -0.0812935    -0.728639    
-0.0947933    -0.0226965    -0.724906    
-0.129031    0.0646565    -0.720956    
-0.151136    0.12    -0.72198    
-0.170061    0.161858    -0.724993    
-0.0129519    0.392686    -0.643895    
0.0528724    0.385184    -0.603982    
0.107414    0.365389    -0.571058    
0.142742    0.35952    -0.551301    
0.173602    0.340533    -0.535889    
0.203046    0.332743    -0.527283    
0.217352    0.353208    -0.518954    
0.230178    0.362284    -0.523964    
0.232564    0.374918    -0.520654    
-1.22258    0.184818    -0.837175    
-0.98216    0.219272    -0.0694493    
0.267792    0.441098    -0.448393    
0.278822    0.444662    -0.420956    
0.28834    0.430036    -0.408955    
0.29287    0.423238    -0.408274    
0.299229    0.417299    -0.405476    
0.30204    0.413994    -0.390125    
0.29065    0.391498    -0.420137    
-0.927282    0.202067    -0.0565091    
0.209048    0.26677    -0.506178    
0.147935    0.192596    -0.55261    
0.095107    0.11858    -0.590577    
0.04423    0.0497251    -0.6154    
-0.000109376    -0.0235958    -0.647698    
-0.0428799    -0.0941351    -0.659558    
-0.0747852    -0.13895    -0.674949    
-0.0910424    -0.180376    -0.691743    
-0.0901862    -0.186303    -0.705128    
-0.0850399    -0.191525    -0.712465    
-0.0758311    -0.183507    -0.713067    
-0.074215    -0.160712    -0.709994    
-0.0810058    -0.13666    -0.703662    
-0.853293    0.0886858    0.325855    
-0.110872    -0.0467634    -0.699029    
-0.140454    0.0182977    -0.692369    
-0.168442    0.0657773    -0.688908    
-0.191666    0.114515    -0.689108    
-0.18945    0.268462    -0.662306    
-0.118979    0.269882    -0.633386    
-0.0503901    0.281068    -0.597067    
-0.00539181    0.269536    -0.580829    
-0.789148    0.262357    0.169367    
0.0369163    0.189518    -0.572393    
0.0325945    0.141675    -0.570861    
0.0128842    0.114402    -0.569702    
-0.0293791    0.0846566    -0.58448    
-0.0823963    0.0643724    -0.603436    
-0.711117    0.128527    0.357405    
-0.189078    0.0417256    -0.634119    
-0.234487    0.0386989    -0.652742    
-0.176749    0.168748    -0.63878    
-0.0577518    0.219087    -0.585915    
0.0304129    0.222448    -0.538946    
-0.782903    0.261782    0.102446    
0.127557    0.229588    -0.502068    
0.167411    0.25046    -0.485087    
-0.860229    0.227927    -0.00795774    
-0.885953    0.219412    -0.0314871    
0.240915    0.344433    -0.452351    
-0.918334    0.203661    -0.0687051    
0.269664    0.361256    -0.417588    
0.292475    0.376579    -0.404972    
0.298095    0.373799    -0.408925    
0.521841    0.0874008    -0.48293    
0.295736    0.375781    -0.44424    
0.293938    0.368313    -0.444216    
0.295261    0.372602    -0.445457    
0.295965    0.375698    -0.444239    
0.294547    0.369183    -0.447184    
0.29526    0.372406    -0.445892    
0.295402    0.372522    -0.445632    
0.295226    0.372367    -0.445788    
0.29543    0.372518    -0.445582    
0.295286    0.372397    -0.445802    
0.295331    0.372442    -0.445758    
0.296112    0.375845    -0.443973    
0.295328    0.372509    -0.445631    
0.295301    0.37244    -0.445757    
0.295292    0.372418    -0.445804    
0.295342    0.372533    -0.445599    
0.295293    0.372441    -0.445741    
0.295352    0.372517    -0.445647    
0.295305    0.372416    -0.445794    
0.296105    0.375878    -0.443907    
0.296148    0.375882    -0.444002    
0.296114    0.37581    -0.444031    
0.29613    0.375908    -0.443832    
0.296166    0.375878    -0.443971    
0.296141    0.375835    -0.444045    
0.296207    0.375915    -0.443829    
0.295543    0.372417    -0.445702    
0.29635    0.375805    -0.443893    
0.295409    0.372411    -0.445624    
0.296192    0.375828    -0.44393    
0.296167    0.375954    -0.443865    
0.295431    0.372587    -0.445695    
0.295338    0.372596    -0.445628    
0.296    0.375777    -0.443931    
0.295957    0.375811    -0.443814    
0.295154    0.372393    -0.445675    
0.295195    0.372409    -0.445631    
0.295308    0.372522    -0.445646    
-0.885759    -0.562818    -0.561151    
0.296125    0.37591    -0.44389    
0.295314    0.37251    -0.445654    
0.29534    0.372466    -0.445716    
0.295329    0.372475    -0.445701    
0.29533    0.372505    -0.445659    
0.29533    0.372483    -0.445672    
0.295339    0.37249    -0.445701    
0.295353    0.372493    -0.445691    
0.295324    0.372502    -0.445678    
0.295339    0.372484    -0.445693    
-0.885745    -0.562772    -0.561186    
0.296145    0.375865    -0.44394    
0.295337    0.3725    -0.445679    
0.29533    0.372485    -0.445667    
-0.885728    -0.56279    -0.561176    
0.296124    0.375876    -0.443913    
